2.164286
1.014150
0.852813
1.527326
0.807221
1.363971
2.170142
2.395891
0.555791
0.135250
1.095711
0.647909
0.380664
1.695768
2.380775
1.647774
0.053970
3.006751
1.245008
0.695394
1.094931
0.000000
0.067072
2.119834
2.439162
1.353809
1.093350
0.684833
1.274066
2.083082
1.460493
1.162628
0.061457
0.985063
0.754497
2.355991
2.333581
1.702215
0.603931
0.000000
2.291385
0.797243
2.607345
2.179779
2.203509
0.000000
2.380004
1.892171
0.112899
0.000000
1.590132
1.623899
2.443662
1.129419
0.000000
0.066334
0.000000
0.909161
0.147147
0.820143
0.040659
0.663949
1.129910
2.389411
